4 897 1274 1501 1520 
4 897 1274 1501 1628 
4 897 1274 1501 2068 
4 897 1274 1501 2864 
4 897 1274 1501 2866 
4 897 1274 1501 2868 
4 897 1274 1501 2869 
4 897 1274 1501 2870 
4 897 1274 1501 2871 
4 897 1274 1501 2872 
3 897 1274 1629 
3 897 1274 4036 
3 897 1274 4041 
3 897 2867 1501 
3 56 59 57 
3 260 205 204 
3 462 2331 961 
3 560 559 558 
3 584 588 185 
3 937 3417 3418 
3 943 945 1668 
3 957 956 2409 
3 1209 985 2477 
3 1310 1306 1313 
3 1311 1306 1313 
3 1312 1306 1313 
3 1315 1306 1313 
3 1316 1306 1313 
3 1362 59 57 
3 1519 1501 1274 
3 1601 2090 2091 
3 1666 1667 1668 
3 1705 2062 63 
3 1945 2098 1944 
3 1957 940 295 
3 2022 2023 2024 
3 2058 2062 63 
3 2230 59 57 
3 2231 288 57 
3 2583 2520 93 
3 2616 1334 987 
3 2696 1456 148 
3 2716 130 133 
3 2755 1914 1232 
3 2881 2311 1845 
3 3298 1083 2647 
3 3409 253 3407 
3 3448 2062 63 
3 3566 2168 63 
3 3576 2090 2091 
3 3838 682 1849 
3 3890 3891 2724 
3 4093 1954 2331 
3 4335 1845 2123 
3 152 373 175 
3 168 1889 2168 
3 210 202 196 
3 210 202 206 
3 355 728 1430 
4 658 659 657 660 
3 682 36 1849 
3 790 167 1176 
3 996 1069 1301 
3 1229 1370 1906 
3 1234 149 1282 
3 1286 2490 1282 
3 1302 1301 777 
3 1302 1301 783 
4 1636 2698 3508 4075 
3 1692 204 203 
3 1699 391 497 
3 1707 391 497 
3 1954 961 2331 
4 2146 2147 1440 2154 
3 2392 496 497 
4 2512 2511 1845 2311 
3 2801 4001 1940 
3 2811 2650 1866 
3 2913 1429 1430 
3 2953 2477 913 
3 3013 1336 1940 
3 3238 1353 303 
3 3503 1232 2168 
4 3639 4678 1972 3265 
3 4045 1047 2350 
3 4047 1047 2350 
3 4050 1047 2350 
3 192 202 194 
3 192 202 204 
3 192 202 206 
3 194 202 196 
3 194 202 870 
3 346 345 1426 
3 346 345 1972 
3 346 1428 1426 
3 387 501 496 
3 520 2181 1203 
4 1019 956 987 1334 
3 1019 956 2409 
4 1296 321 794 777 
4 1296 321 794 783 
3 1336 2123 1940 
3 1353 1282 303 
5 1435 1437 1432 1436 1441 
3 1889 3407 253 
3 1889 3407 2168 
3 1929 1428 1426 
3 1929 1428 3264 
3 1971 1430 1426 
3 2181 323 1203 
4 2349 321 794 782 
4 2349 321 794 1300 
5 2438 1220 252 1083 2647 
3 2650 1428 1866 
3 4048 1047 2350 
3 4052 1047 2350 
3 4054 1047 2350 
4 406 497 496 501 
3 406 497 391 
3 715 75 431 
3 1069 783 782 
3 1069 783 1301 
3 1069 2329 1301 
3 1203 323 494 
3 1203 323 913 
4 1204 497 496 501 
3 1204 497 391 
6 1399 755 47 374 1283 1400 
3 1429 1428 1430 
3 1429 1428 1867 
4 1432 1440 1436 1441 
3 2062 57 63 
3 2101 59 57 
3 2228 59 57 
3 2311 2123 1845 
3 2763 1456 148 
6 109 755 47 374 1283 1400 
4 381 497 496 501 
3 381 497 391 
4 1300 321 794 777 
4 1300 321 794 783 
4 1300 321 794 2350 
5 1322 2090 1428 1430 2091 
3 1866 1867 374 
3 1866 1867 1428 
4 383 497 496 501 
3 383 497 391 
5 492 389 497 496 501 
4 492 389 497 391 
3 492 389 494 
4 492 408 497 391 
4 492 408 497 496 
3 492 408 494 
4 777 782 321 794 
4 1083 1456 252 2647 
4 2409 1426 1428 1867 
3 2409 1426 1400 
3 2477 391 497 
4 782 783 321 794 
4 59 1415 57 63 
3 2647 148 1456 
3 913 408 323 
3 1430 1428 1426 
3 323 408 494 
